---NASA TLX V1.0.3 SINGLE TRIAL RATING SCALE ANSWERS---
STUDY NAME:,Stroop
STUDY GROUP:,
SUBJECT ID:,01
TRIAL:,84
TRIAL DATE TIME:,10-24-2018 10:14
---DATA---
PAIRWISE ASKED WITH TRIAL:,false
PAIRWISE ANSWERS TO USE:,NA
RATING SCALE:,RAW RATING
Mental Demand,55
Physical Demand,5
Temporal Demand,25
Performance,25
Effort,45
Frustration,25
